-1.111453695	-2.147322427	0.6837293296	0.9999999953657999	0.9998543757704285
-2.272194455	-0.33290614	-0.7961012883	0.9999999953657999	0.9998543757704285
-3.217582362	-0.9777099731	-0.04874616844	0.9999999953657999	0.9998543757704285
-0.9192399428	-2.230612108	-0.8074377261	0.9999999953657999	0.9998543757704285
-0.05965341346	3.974793896	-2.368433462	0.9999999953657999	0.9998543757704285
-3.304546579	-1.660395454	-1.09341851	0.9999999953657999	0.9998543757704285
-0.9021090161	-0.3141594459	-1.011953976	0.9999999953657999	0.9998543757704285
8.568356042	-2.619654747	-1.143626254	0.9999999953657999	0.9998543757704285
3.50854307	1.278280607	-0.913272276	0.9999999953657999	0.9998543757704285
-2.93921755	0.4058512588	0.9728347784	0.9999999953657999	0.9998543757704285
3.27478536	3.839947032	-0.8029060527	0.9999999953657999	0.9998543757704285
1.124779439	3.506795937	-2.260700192E-4	0.9999999953657999	0.9998543757704285
4.269028867	2.615328944	-2.357415129	0.9999999953657999	0.9998543757704285
10.54925503	-0.2074815321	-1.424677204	0.9999999953657999	0.9998543757704285
-0.1113068272	4.625575612	0.06337281869	0.9999999953657999	0.9998543757704285
6.881008553	-1.206718648	1.208475757	0.9999999953657999	0.9998543757704285
4.790943534	-3.505286873	-1.613052053	0.9999999953657999	0.9998543757704285
-2.406588343	-1.043618205	0.05357173669	0.9999999953657999	0.9998543757704285
-2.908723173	-0.8438609869	-0.9682928197	0.9999999953657999	0.9998543757704285
6.276417036	0.1600568048	0.3438139433	0.9999999953657999	0.9998543757704285
-0.3377424406	1.942600392	0.6637639222	0.9999999953657999	0.9998543757704285
0.4873569901	-2.911485372	0.3762810478	0.9999999953657999	0.9998543757704285
-1.639307898	0.01345633019	-0.1228993806	0.9999999953657999	0.9998543757704285
2.341467502	3.492283627	-0.6208008681	0.9999999953657999	0.9998543757704285
-0.63636648	2.898840285	1.092291426	0.9999999953657999	0.9998543757704285
-0.6497512165	-1.2826306	-0.6511521639	0.9999999953657999	0.9998543757704285
4.315861263	-0.2559852792	0.5690417286	0.9999999953657999	0.9998543757704285
-1.262703717	-1.511463915	-1.681590215	0.9999999953657999	0.9998543757704285
-4.5833898	0.738623012	-0.3952078076	0.9999999953657999	0.9998543757704285
-1.13455816	1.779249463	0.5214041743	0.9999999953657999	0.9998543757704285
3.362295483	1.840593621	1.590684101	0.9999999953657999	0.9998543757704285
-4.874994686	0.05986685515	-0.2272338051	0.9999999953657999	0.9998543757704285
8.018161868	-0.4966554089	0.9020998454	0.9999999953657999	0.9998543757704285
3.457672964	2.353669938	-0.6953778305	0.9999999953657999	0.9998543757704285
-1.335121885	-3.813299165	-1.039935808	0.9999999953657999	0.9998543757704285
-2.845080659	-0.2320054826	0.2578566034	0.9999999953657999	0.9998543757704285
2.738878386	-1.639551322	0.1197990495	0.9999999953657999	0.9998543757704285
-1.340282536	-1.33215416	-2.92882324	0.9999999953657999	0.9998543757704285
4.326322089	-1.527200859	1.171651476	0.9999999953657999	0.9998543757704285
1.406226176	2.167367795	0.1868025211	0.9999999953657999	0.9998543757704285
1.426699899	4.745867845	-0.5212061754	0.9999999953657999	0.9998543757704285
7.55714478	1.503157344	-1.474927079	0.9999999953657999	0.9998543757704285
0.5662718778	-2.8399609	-0.752738539	0.9999999953657999	0.9998543757704285
4.125458036	-0.3883615109	-0.7926955113	0.9999999953657999	0.9998543757704285
5.851704305	0.2521127923	0.6270328145	0.9999999953657999	0.9998543757704285
-2.511406448	-2.794111586	0.7317665203	0.9999999953657999	0.9998543757704285
-0.3913477254	-2.313901671	1.58882576	0.9999999953657999	0.9998543757704285
1.10435041	4.023226448	-0.2747334446	0.9999999953657999	0.9998543757704285
0.4638662267	2.934286347	-0.4269760125	0.9999999953657999	0.9998543757704285
-7.715633259	-0.8703861928	-0.153418768	0.9999999953657999	0.9998543757704285
0.2293254412	3.477452615	0.1551554345	0.9999999953657999	0.9998543757704285
2.616110051	-1.296724236	-0.1344825694	0.9999999953657999	0.9998543757704285
5.087900756	1.310609835	-1.419573092	0.9999999953657999	0.9998543757704285
0.132603692	0.8216841818	0.09641393851	0.9999999953657999	0.9998543757704285
-8.353760165	0.1539762558	-0.7259537282	0.9999999953657999	0.9998543757704285
0.2218445184	-0.03715887277	0.506048702	0.9999999953657999	0.9998543757704285
-4.961319796	-0.9724642043	-0.3919682155	0.9999999953657999	0.9998543757704285
1.293581694	1.208435917	1.048434794	0.9999999953657999	0.9998543757704285
-1.574479609	-6.044568429	0.4532658381	0.9999999953657999	0.9998543757704285
3.236208031	-1.468598718	-0.6148887535	0.9999999953657999	0.9998543757704285
0.6311161652	1.336671173	2.028440052	0.9999999953657999	0.9998543757704285
4.133810096	-3.453876652	0.04483817081	0.9999999953657999	0.9998543757704285
4.643823686	-1.13304799	0.6238927316	0.9999999953657999	0.9998543757704285
-1.121125991	0.001103956135	-1.854715545	0.9999999953657999	0.9998543757704285
5.907994467	0.4570813345	0.964522456	0.9999999953657999	0.9998543757704285
4.043761567	-0.3421755972	0.1772016267	0.9999999953657999	0.9998543757704285
1.585769724	-0.3599606822	-0.2164762709	0.9999999953657999	0.9998543757704285
2.961000756	2.663345038	-0.4680076517	0.9999999953657999	0.9998543757704285
3.323554873	2.003152698	1.015403364	0.9999999953657999	0.9998543757704285
5.199234954	0.6109728438	0.693441713	0.9999999953657999	0.9998543757704285
7.127944202	1.560641819	0.4653898306	0.9999999953657999	0.9998543757704285
3.791894647	-1.165063189	1.884620287	0.9999999953657999	0.9998543757704285
-9.261546409	-3.428369702	0.2563070695	0.9999999953657999	0.9998543757704285
-1.120745955	1.688310437	-0.008882524392	0.9999999953657999	0.9998543757704285
-2.970331591	2.752072175	-1.819163833	0.9999999953657999	0.9998543757704285
-3.095571876	-0.6240198879	0.4099557796	0.9999999953657999	0.9998543757704285
0.2777153614	3.165082981	0.1946527008	0.9999999953657999	0.9998543757704285
3.11338679	3.424019633	0.3500073743	0.9999999953657999	0.9998543757704285
0.01825850112	2.430252097	1.29267209	0.9999999953657999	0.9998543757704285
1.357451689	1.370538195	0.8441707168	0.9999999953657999	0.9998543757704285
0.4806035496	-1.334686158	0.7838431547	0.9999999953657999	0.9998543757704285
-1.080073058	1.690311942	1.247972957	0.9999999953657999	0.9998543757704285
3.251272869	-0.6289502557	1.054421433	0.9999999953657999	0.9998543757704285
-6.122959111	2.175314503	2.336028787	0.9999999953657999	0.9998543757704285
5.523002784	3.81288054	0.3685802861	0.9999999953657999	0.9998543757704285
1.465867849	-0.6231039952	-1.576481094	0.9999999953657999	0.9998543757704285
4.567738728	0.06365619665	-0.1562323227	0.9999999953657999	0.9998543757704285
-9.139547392	-2.118942809	-0.2188709221	0.9999999953657999	0.9998543757704285
2.325458131	1.344837439	-0.7893618087	0.9999999953657999	0.9998543757704285
1.121975481	0.6632736962	2.113072129	0.9999999953657999	0.9998543757704285
-4.318468196	1.382234996	-0.3196485533	0.9999999953657999	0.9998543757704285
5.453771445	-1.28166528	-0.6978437895	0.9999999953657999	0.9998543757704285
-0.6899860568	0.05214119163	-0.3552244549	0.9999999953657999	0.9998543757704285
0.7580196572	0.4708265102	-0.03598106349	0.9999999953657999	0.9998543757704285
-0.8320089093	2.119600067	0.5998806543	0.9999999953657999	0.9998543757704285
2.797043951	-2.231912658	0.8092152889	0.9999999953657999	0.9998543757704285
-5.859676107	-0.4047756619	-0.6443255569	0.9999999953657999	0.9998543757704285
-1.369833679	-1.068184125	1.129328996	0.9999999953657999	0.9998543757704285
1.417632222	2.173126768	0.2956932839	0.9999999953657999	0.9998543757704285
-2.047859696	0.6620342632	-1.316132015	0.9999999953657999	0.9998543757704285
-4.956179819	-0.440309499	-0.5202795671	0.9999999953657999	0.9998543757704285
-1.453766652	0.2353529472	1.648764854	0.9999999953657999	0.9998543757704285
-3.438679702	-1.371123132	0.5026803262	0.9999999953657999	0.9998543757704285
0.9239739023	0.9461210976	0.6430612139	0.9999999953657999	0.9998543757704285
6.4551696	-4.704757116	-0.7953716655	0.9999999953657999	0.9998543757704285
3.394014482	2.801754179	-0.6097591796	0.9999999953657999	0.9998543757704285
4.784551201	-0.6676437599	-0.4064308283	0.9999999953657999	0.9998543757704285
-2.55703176	0.9657020939	0.2032857273	0.9999999953657999	0.9998543757704285
1.533854902	1.923211531	-0.02984768892	0.9999999953657999	0.9998543757704285
2.876279197	-5.011816314	0.9011690715	0.9999999953657999	0.9998543757704285
0.5738901888	-0.590662425	0.9770401249	0.9999999953657999	0.9998543757704285
4.267336001	-0.03840283165	0.9376010591	0.9999999953657999	0.9998543757704285
9.081276016	-0.5857554994	0.4556723209	0.9999999953657999	0.9998543757704285
0.6630584232	0.9839944146	0.01418885825	0.9999999953657999	0.9998543757704285
-1.452960015	1.777438228	-0.7601643332	0.9999999953657999	0.9998543757704285
-2.667051318	-1.826150059	-1.902830822	0.9999999953657999	0.9998543757704285
5.856504112	-3.698076758	0.3367696056	0.9999999953657999	0.9998543757704285
-1.973495769	-1.031797523	-0.252009673	0.9999999953657999	0.9998543757704285
6.254138942	3.361026591	0.2544167174	0.9999999953657999	0.9998543757704285
4.738408123	1.820176069	0.6357393233	0.9999999953657999	0.9998543757704285
2.414420552	-0.4570766099	-1.294697227	0.9999999953657999	0.9998543757704285
-2.281849176	-1.020844639	-0.4579774736	0.9999999953657999	0.9998543757704285
2.276051849	-0.4494716428	0.4320579719	0.9999999953657999	0.9998543757704285
3.744351183	-1.841434915	1.207431341	0.9999999953657999	0.9998543757704285
-1.654846937	-2.486352326	1.578066079	0.9999999953657999	0.9998543757704285
-1.566255965	-3.625556338	-1.529216131	0.9999999953657999	0.9998543757704285
7.555286861	2.766855869	1.047301752	0.9999999953657999	0.9998543757704285
3.700899924	1.430082981	1.39353235	0.9999999953657999	0.9998543757704285
-7.090901293	1.013519336	-0.8838013919	0.9999999953657999	0.9998543757704285
2.637225247	-1.834946118	0.6873428333	0.9999999953657999	0.9998543757704285
0.4568756613	1.904610105	-0.440809873	0.9999999953657999	0.9998543757704285
2.530441687	-0.4553332656	1.790792768	0.9999999953657999	0.9998543757704285
-0.3100812412	0.08957682356	0.4809901994	0.9999999953657999	0.9998543757704285
5.761543889	-0.2629980798	-2.521875311	0.9999999953657999	0.9998543757704285
-1.788976478	0.8067212587	-0.1735672001	0.9999999953657999	0.9998543757704285
-1.431196388	0.2558586164	0.5928451119	0.9999999953657999	0.9998543757704285
-4.450246173	-1.809540206	1.429232463	0.9999999953657999	0.9998543757704285
4.332137303	-4.309332519	0.2495111944	0.9999999953657999	0.9998543757704285
-3.361679956	-2.273407015	-2.196998057	0.9999999953657999	0.9998543757704285
2.809688302	2.771338869	-0.3863248145	0.9999999953657999	0.9998543757704285
-3.078937267	0.4711776989	0.1339241713	0.9999999953657999	0.9998543757704285
-0.9661007873	6.129043806	0.2280130969	0.9999999953657999	0.9998543757704285
4.089446823	2.067340585	1.430432414	0.9999999953657999	0.9998543757704285
-1.354705729	-1.906492211	-1.139280629	0.9999999953657999	0.9998543757704285
6.341206043	0.204948607	1.470445199	0.9999999953657999	0.9998543757704285
-2.60389962	0.9150417048	-0.6426435456	0.9999999953657999	0.9998543757704285
4.926202217	2.254410616	1.653525505	0.9999999953657999	0.9998543757704285
-9.481048019	1.314229148	-0.3402085512	0.9999999953657999	0.9998543757704285
-7.133347646	-0.9749144062	-1.033803195	0.9999999953657999	0.9998543757704285
-0.137582657	-2.007821269	-0.5352777721	0.9999999953657999	0.9998543757704285
-1.413385808	2.007093026	-0.1345659816	0.9999999953657999	0.9998543757704285
4.223728622	0.780671989	0.5152093599	0.9999999953657999	0.9998543757704285
-3.345923321	1.041815087	0.006598872933	0.9999999953657999	0.9998543757704285
4.332126055	3.93147062	-1.225436713	0.9999999953657999	0.9998543757704285
-7.287127703	-0.123704213	-1.130819989	0.9999999953657999	0.9998543757704285
1.089289416	-1.16722101	1.944295355	0.9999999953657999	0.9998543757704285
0.304426131	0.2564131528	0.3031055679	0.9999999953657999	0.9998543757704285
0.03429378912	2.983451792	1.107411543	0.9999999953657999	0.9998543757704285
-3.857663141	-2.109660839	-0.5335569233	0.9999999953657999	0.9998543757704285
2.541898796	0.6980920894	-0.7260048766	0.9999999953657999	0.9998543757704285
1.794306693	-2.523408521	-2.028382157	0.9999999953657999	0.9998543757704285
1.834390997	-1.87971053	-0.8754373113	0.9999999953657999	0.9998543757704285
1.506993228	1.149381459	-0.7860944354	0.9999999953657999	0.9998543757704285
2.135902104	2.449378761	-0.7377059419	0.9999999953657999	0.9998543757704285
2.167603581	0.5441754886	-0.9539559657	0.9999999953657999	0.9998543757704285
3.464341695	1.74454741	-0.04338214503	0.9999999953657999	0.9998543757704285
0.1473415511	1.283308466	-1.304096825	0.9999999953657999	0.9998543757704285
-5.231238758	1.240607066	0.1745688845	0.9999999953657999	0.9998543757704285
0.1992654814	0.5028382183	2.564769314	0.9999999953657999	0.9998543757704285
0.5989014808	2.645010175	-0.4795550443	0.9999999953657999	0.9998543757704285
0.03919618061	1.35993263	-0.5567973578	0.9999999953657999	0.9998543757704285
0.8550833582	-2.026034396	2.720894084	0.9999999953657999	0.9998543757704285
1.336425851	2.663648572	-0.6048428977	0.9999999953657999	0.9998543757704285
-1.624073283	0.2365385718	1.931342709	0.9999999953657999	0.9998543757704285
3.059655846	-3.357741531	-0.5900899361	0.9999999953657999	0.9998543757704285
-1.146438254	-3.708468724	-1.839418688	0.9999999953657999	0.9998543757704285
-4.084178107	-2.431192307	0.5149166092	0.9999999953657999	0.9998543757704285
4.782865035	1.573314381	0.6533964139	0.9999999953657999	0.9998543757704285
7.143159414	-0.3988159566	-0.8229327886	0.9999999953657999	0.9998543757704285
-0.04935900338	2.590590972	-1.19866646	0.9999999953657999	0.9998543757704285
-4.752953668	-1.961598844	1.188285801	0.9999999953657999	0.9998543757704285
-1.815717437	-1.062195872	-0.1259876583	0.9999999953657999	0.9998543757704285
0.9425538271	1.316635688	0.07816691581	0.9999999953657999	0.9998543757704285
-1.120736375	-2.126560707	-0.4327771447	0.9999999953657999	0.9998543757704285
0.2557447495	-0.7562026195	1.687928801	0.9999999953657999	0.9998543757704285
1.883692262	-1.410579447	-0.7217585662	0.9999999953657999	0.9998543757704285
-6.06725818	0.4877512816	-1.534115181	0.9999999953657999	0.9998543757704285
-3.834164845	1.989087419	-1.385390964	0.9999999953657999	0.9998543757704285
-1.980781082	-1.017805172	-1.033753236	0.9999999953657999	0.9998543757704285
-1.588663903	-2.588819005	-1.067782387	0.9999999953657999	0.9998543757704285
-3.64119944	-1.48634627	1.00985155	0.9999999953657999	0.9998543757704285
1.531559593	0.9396571007	-1.668607832	0.9999999953657999	0.9998543757704285
1.529047869	1.849938436	-1.350919559	0.9999999953657999	0.9998543757704285
-4.898769319	-1.319581607	-0.5238827534	0.9999999953657999	0.9998543757704285
0.09504427336	-0.04593849896	-0.7510344836	0.9999999953657999	0.9998543757704285
-3.41271549	0.297694451	-0.5452822238	0.9999999953657999	0.9998543757704285
5.558050266	2.307342635	0.04536944414	0.9999999953657999	0.9998543757704285
7.295438597	-0.6563851852	1.655947818	0.9999999953657999	0.9998543757704285
0.4328582959	-0.9133483481	-0.7030271576	0.9999999953657999	0.9998543757704285
0.3564218136	-0.4377590663	-0.282565701	0.9999999953657999	0.9998543757704285
1.988179499	1.412207077	0.1266951171	0.9999999953657999	0.9998543757704285
3.246769746	-4.093742562	1.07530101	0.9999999953657999	0.9998543757704285
5.586628411	-0.1382996774	-2.631895683	0.9999999953657999	0.9998543757704285
-4.855913636	-0.4091218873	-0.8167302519	0.9999999953657999	0.9998543757704285
0.1310389619	4.3613789	-0.6656051814	0.9999999953657999	0.9998543757704285
2.942146417	0.2316559544	0.1339481137	0.9999999953657999	0.9998543757704285
-1.551631	-0.2486565783	1.585488445	0.9999999953657999	0.9998543757704285
-2.508309227	0.7096670177	-0.291800717	0.9999999953657999	0.9998543757704285
3.581368063	-1.239773593	0.08090385403	0.9999999953657999	0.9998543757704285
-0.06254833377	-1.580565171	-0.06780771821	0.9999999953657999	0.9998543757704285
3.194277258	-4.47768222	-1.450360438	0.9999999953657999	0.9998543757704285
-4.686851343	2.658025977	-1.870656627	0.9999999953657999	0.9998543757704285
-0.5663089498	-1.619877013	0.2717183925	0.9999999953657999	0.9998543757704285
-6.680088234	0.4795085856	-1.355660665	0.9999999953657999	0.9998543757704285
3.637379151	4.912244041	-1.429947227	0.9999999953657999	0.9998543757704285
5.724612995	-4.60275825	1.099397347	0.9999999953657999	0.9998543757704285
0.1802958082	-0.9939337902	-0.8871374271	0.9999999953657999	0.9998543757704285
2.671677158	-1.906553784	-0.05965765136	0.9999999953657999	0.9998543757704285
1.942813262	-2.693276471	-0.7638126096	0.9999999953657999	0.9998543757704285
1.535441944	-1.670127873	-1.367366713	0.9999999953657999	0.9998543757704285
1.893630528	-3.931264441	0.7165113861	0.9999999953657999	0.9998543757704285
4.128245472	-0.2017735969	-0.3284839398	0.9999999953657999	0.9998543757704285
-3.831248155	-1.005412058	1.778539598	0.9999999953657999	0.9998543757704285
2.650987763	-0.6324850542	-0.7404753441	0.9999999953657999	0.9998543757704285
3.328032215	2.382787768	-0.5554035361	0.9999999953657999	0.9998543757704285
3.380641596	2.481142243	0.2140072517	0.9999999953657999	0.9998543757704285
5.266995174	-1.821686004	-0.3181499662	0.9999999953657999	0.9998543757704285
3.687969693	-2.724998996	-0.3251052777	0.9999999953657999	0.9998543757704285
-3.052704277	0.25231051	-1.738038169	0.9999999953657999	0.9998543757704285
2.958843337	-1.390178005	1.234532782	0.9999999953657999	0.9998543757704285
-1.10060458	0.5418753621	1.00368486	0.9999999953657999	0.9998543757704285
-0.263685565	-1.320743057	0.06899654111	0.9999999953657999	0.9998543757704285
3.289154105	0.7543196464	0.3174220005	0.9999999953657999	0.9998543757704285
1.607862898	1.046917314	-1.282190025	0.9999999953657999	0.9998543757704285
9.683713709	0.5310738033	-1.132288922	0.9999999953657999	0.9998543757704285
-2.231488209	0.1580232997	-0.6535615546	0.9999999953657999	0.9998543757704285
-3.765289395	4.201286906	0.496297315	0.9999999953657999	0.9998543757704285
5.282692187	-0.3564872892	1.866646478	0.9999999953657999	0.9998543757704285
-0.8969987568	1.253167398	-0.6154636589	0.9999999953657999	0.9998543757704285
4.202321364	1.304367279	-0.03017456747	0.9999999953657999	0.9998543757704285
-3.44172624	-1.260450619	0.6338757726	0.9999999953657999	0.9998543757704285
0.834520201	1.089186796	0.6577475739	0.9999999953657999	0.9998543757704285
-2.181337644	1.606815402	-0.6356389245	0.9999999953657999	0.9998543757704285
2.869930836	1.93039259	-0.9202118523	0.9999999953657999	0.9998543757704285
-6.13069033	0.4939262167	0.4255271955	0.9999999953657999	0.9998543757704285
2.076806294	1.599687347	0.2290430402	0.9999999953657999	0.9998543757704285
3.256540836	-2.073293009	-1.473098555	0.9999999953657999	0.9998543757704285
3.094292294	-0.1800232452	1.202655966	0.9999999953657999	0.9998543757704285
-1.928866356	-0.7393796442	1.644914992	0.9999999953657999	0.9998543757704285
-0.1926421718	-1.259516981	1.220757089	0.9999999953657999	0.9998543757704285
-4.175454477	3.020783396	1.246142648	0.9999999953657999	0.9998543757704285
2.238288765	0.9535163773	0.01189526124	0.9999999953657999	0.9998543757704285
4.132744311	-2.537639591	0.1457679264	0.9999999953657999	0.9998543757704285
2.827264133	1.39331822	-1.23211455	0.9999999953657999	0.9998543757704285
-6.461104056	-0.2600415819	-0.5186175969	0.9999999953657999	0.9998543757704285
-0.3819204938	-1.277823571	0.4396107529	0.9999999953657999	0.9998543757704285
3.145074461	-0.5599673938	1.12797648	0.9999999953657999	0.9998543757704285
-1.602576506	1.815405568	-1.514170384	0.9999999953657999	0.9998543757704285
0.6825959209	-0.758243805	-1.905077346	0.9999999953657999	0.9998543757704285
-0.6797955462	3.48242643	0.8320016084	0.9999999953657999	0.9998543757704285
7.092113806	1.767970405	-0.09579651473	0.9999999953657999	0.9998543757704285
-1.610452252	1.431636303	-0.5888085015	0.9999999953657999	0.9998543757704285
5.21166537	-2.664480127	0.5052767463	0.9999999953657999	0.9998543757704285
-0.6715401781	4.626573899	-1.041186373	0.9999999953657999	0.9998543757704285
5.343904757	2.456679916	-0.2654623972	0.9999999953657999	0.9998543757704285
-0.3697716827	1.099475623	0.5589609053	0.9999999953657999	0.9998543757704285
-2.521723065	0.5712447001	1.065157205	0.9999999953657999	0.9998543757704285
-4.421085745	-2.419950673	0.2330478502	0.9999999953657999	0.9998543757704285
-2.39197944	-1.99592855	-1.425815378	0.9999999953657999	0.9998543757704285
3.752336666	-3.458771338	-0.1223073382	0.9999999953657999	0.9998543757704285
-4.332721495	-0.2177348747	-0.5713360732	0.9999999953657999	0.9998543757704285
2.643901208	1.892665034	1.006631139	0.9999999953657999	0.9998543757704285
-0.5903779933	0.8699966584	-1.045792201	0.9999999953657999	0.9998543757704285
0.6739746124	2.614729105	0.139294988	0.9999999953657999	0.9998543757704285
2.110845201	2.202866468	-1.933904439	0.9999999953657999	0.9998543757704285
-0.3360591161	1.133969863	-0.7221553388	0.9999999953657999	0.9998543757704285
-2.686064119	-0.7203416956	-0.6105000519	0.9999999953657999	0.9998543757704285
1.150179525	-0.1883507867	0.9284054388	0.9999999953657999	0.9998543757704285
-7.569016059	1.323110153	-0.7048533265	0.9999999953657999	0.9998543757704285
3.308051754	2.407388182	-0.9521810192	0.9999999953657999	0.9998543757704285
4.761007787	-2.84486592	1.981749299	0.9999999953657999	0.9998543757704285
4.663102971	-3.07230748	0.2091717628	0.9999999953657999	0.9998543757704285
1.53442545	-3.88271445	0.03423184222	0.9999999953657999	0.9998543757704285
0.4095707824	1.494906236	-0.1249357292	0.9999999953657999	0.9998543757704285
7.814466463	-0.1245442838	0.1117229447	0.9999999953657999	0.9998543757704285
1.177944453	-1.445736874	0.0250478696	0.9999999953657999	0.9998543757704285
0.5772266754	1.016122726	-0.4685368678	0.9999999953657999	0.9998543757704285
-2.991156787	1.493330913	-0.2909815655	0.9999999953657999	0.9998543757704285
-1.687098719	-3.272706943	1.665449742	0.9999999953657999	0.9998543757704285
3.179285781	1.058295547	-0.3895395568	0.9999999953657999	0.9998543757704285
-1.910553416	-2.961644391	-2.121175543	0.9999999953657999	0.9998543757704285
-1.359950821	1.755174869	0.07823219071	0.9999999953657999	0.9998543757704285
0.7285472166	2.851256581	-1.191725573	0.9999999953657999	0.9998543757704285
-0.9347646842	-0.2229762589	-0.1789017202	0.9999999953657999	0.9998543757704285
-4.752681553	-0.7546647625	-0.5381635441	0.9999999953657999	0.9998543757704285
-0.2504621141	-2.982089639	-0.1049148423	0.9999999953657999	0.9998543757704285
-1.153093661	-3.307123276	-1.128527978	0.9999999953657999	0.9998543757704285
-2.209189655	-1.425233814	-0.1088959231	0.9999999953657999	0.9998543757704285
2.456935794	-1.412598815	0.9659266975	0.9999999953657999	0.9998543757704285
-1.160234491	-1.968312643	-1.649899102	0.9999999953657999	0.9998543757704285
-5.045848154	4.665710603	-0.1820402345	0.9999999953657999	0.9998543757704285
-6.770114282	-2.203963499	1.999716213	0.9999999953657999	0.9998543757704285
3.724610083	-3.093341458	0.9120181898	0.9999999953657999	0.9998543757704285
-5.083903462	1.442203662	1.138369497	0.9999999953657999	0.9998543757704285
4.102646152	0.6337848492	0.5959000667	0.9999999953657999	0.9998543757704285
2.540691216	-0.05086123625	0.433869098	0.9999999953657999	0.9998543757704285
-3.952177689	3.35768057	1.602790804	0.9999999953657999	0.9998543757704285
5.000019071	1.50854275	-0.4410244044	0.9999999953657999	0.9998543757704285
2.764757364	1.792184247	-0.5958902341	0.9999999953657999	0.9998543757704285
-7.843045811	2.03155995	0.4532946684	0.9999999953657999	0.9998543757704285
5.707986324	-2.049909502	-0.9691418816	0.9999999953657999	0.9998543757704285
-3.125231018	-0.08331943415	-0.3799678878	0.9999999953657999	0.9998543757704285
5.65817537	-0.2590282786	0.7096823299	0.9999999953657999	0.9998543757704285
-3.948906864	-0.2909813163	0.5475671802	0.9999999953657999	0.9998543757704285
0.6913164674	3.895769031	0.7453425111	0.9999999953657999	0.9998543757704285
-0.2247725025	-2.752025559	0.8841887379	0.9999999953657999	0.9998543757704285
1.305538199	-1.120540901	-0.5148384116	0.9999999953657999	0.9998543757704285
0.7516335983	5.713709486	0.9305628455	0.9999999953657999	0.9998543757704285
-2.353042488	0.5741987555	-1.183743808	0.9999999953657999	0.9998543757704285
-6.545166474	1.272559506	0.5580475723	0.9999999953657999	0.9998543757704285
2.818146347	1.805398034	-0.3071504009	0.9999999953657999	0.9998543757704285
-1.618881321	0.2821272696	0.6076534104	0.9999999953657999	0.9998543757704285
0.1735714495	1.282410235	0.2665870972	0.9999999953657999	0.9998543757704285
-0.6648230004	-1.817735361	1.573310266	0.9999999953657999	0.9998543757704285
-0.4255905714	-0.4857228917	-1.530572258	0.9999999953657999	0.9998543757704285
4.150978229	-1.579697144	-0.1083046506	0.9999999953657999	0.9998543757704285
7.890049957	3.620020623	1.12407826	0.9999999953657999	0.9998543757704285
-3.534462321	0.4082748744	0.3133994771	0.9999999953657999	0.9998543757704285
-4.301522123	-1.236708984	0.8388014105	0.9999999953657999	0.9998543757704285
-2.086380811	-0.7226140515	1.854734778	0.9999999953657999	0.9998543757704285
1.983411845	-2.953778193	0.05795068261	0.9999999953657999	0.9998543757704285
2.861008172	0.7031065926	-0.6199352488	0.9999999953657999	0.9998543757704285
-0.01908780704	-1.724758748	0.7082005161	0.9999999953657999	0.9998543757704285
-1.340139636	-4.741146338	0.9642986627	0.9999999953657999	0.9998543757704285
-2.496321005	1.252466703	0.9112543606	0.9999999953657999	0.9998543757704285
7.104724326	1.816658796	-0.01579544721	0.9999999953657999	0.9998543757704285
-2.83499201	-0.6838986746	-1.071202606	0.9999999953657999	0.9998543757704285
2.835868982	-0.6919222044	-0.6234131002	0.9999999953657999	0.9998543757704285
1.549999193	2.585893431	-0.1739339158	0.9999999953657999	0.9998543757704285
-3.093338614	3.326326158	0.3385737225	0.9999999953657999	0.9998543757704285
6.398605673	-2.555358323	0.06425121393	0.9999999953657999	0.9998543757704285
-0.9777388314	-1.196542173	0.8663643946	0.9999999953657999	0.9998543757704285
-8.405305062	2.815698294	-0.0763707041	0.9999999953657999	0.9998543757704285
-4.218658729	2.605478563	0.2344620537	0.9999999953657999	0.9998543757704285
0.507833933	2.528844454	-0.8559635989	0.9999999953657999	0.9998543757704285
-5.904447025	3.235403025	-0.1762776402	0.9999999953657999	0.9998543757704285
0.2721659883	1.102401641	-0.97005304	0.9999999953657999	0.9998543757704285
3.038407308	-0.5348893818	-0.4059396296	0.9999999953657999	0.9998543757704285
-2.95151303	1.268284521	0.6102162795	0.9999999953657999	0.9998543757704285
1.742064132	0.4610200013	-0.3721892496	0.9999999953657999	0.9998543757704285
1.233271208	-1.784667733	0.5223312182	0.9999999953657999	0.9998543757704285
-1.066265958	1.663766889	-0.1168434569	0.9999999953657999	0.9998543757704285
1.296092753	-3.193588646	-0.4164368003	0.9999999953657999	0.9998543757704285
-0.4512924476	-1.245224479	-0.7367475302	0.9999999953657999	0.9998543757704285
-3.584156954	-2.434091979	0.5191858905	0.9999999953657999	0.9998543757704285
-5.751691227	1.190431806	0.07402240289	0.9999999953657999	0.9998543757704285
-3.574403267	-2.341176669	0.867119387	0.9999999953657999	0.9998543757704285
-4.239804825	0.3814116098	0.008638475882	0.9999999953657999	0.9998543757704285
1.413293248	4.054724544E-5	1.621495166	0.9999999953657999	0.9998543757704285
1.325356249	0.1546796888	-0.3752395513	0.9999999953657999	0.9998543757704285
-7.048946298	0.5093089951	-0.8744487361	0.9999999953657999	0.9998543757704285
0.8198595185	4.52769355	-4.486973477E-4	0.9999999953657999	0.9998543757704285
4.044509666	-3.193705479	-0.6802267455	0.9999999953657999	0.9998543757704285
-2.953672187	-0.2552623738	0.1847683277	0.9999999953657999	0.9998543757704285
1.747452274	-1.801563451	-1.148363768	0.9999999953657999	0.9998543757704285
-8.717458037	2.565657871	0.4104809397	0.9999999953657999	0.9998543757704285
-6.819568212	-3.051952621	0.3001004152	0.9999999953657999	0.9998543757704285
-2.528567886	-1.272124833	0.2541266257	0.9999999953657999	0.9998543757704285
2.247213539	0.4293844411	-1.567365329	0.9999999953657999	0.9998543757704285
-0.1365170482	-0.7302508724	-0.1931932527	0.9999999953657999	0.9998543757704285
-0.3460024034	-2.645286156	-0.9239050198	0.9999999953657999	0.9998543757704285
3.197828751	1.053508482	0.8066887274	0.9999999953657999	0.9998543757704285
4.312839818	1.26976418	-1.095444204	0.9999999953657999	0.9998543757704285
1.265444956	0.4863906226	0.4175036223	0.9999999953657999	0.9998543757704285
-0.6781891297	1.734079362	0.3022257384	0.9999999953657999	0.9998543757704285
-7.93801473	2.053885057	-0.5259393699	0.9999999953657999	0.9998543757704285
-2.036367487	-2.291365669	-0.1223242757	0.9999999953657999	0.9998543757704285
2.138633526	0.2491508452	-0.5281710336	0.9999999953657999	0.9998543757704285
-2.817791986	3.860109667	0.7870708348	0.9999999953657999	0.9998543757704285
-1.590655205	-5.27727812	-1.590136529	0.9999999953657999	0.9998543757704285
-0.1487348039	1.004363906	-0.3700160839	0.9999999953657999	0.9998543757704285
0.3132635847	1.501936164	-1.567810327	0.9999999953657999	0.9998543757704285
5.274511239	-1.694822523	-0.8951702112	0.9999999953657999	0.9998543757704285
-0.3050343395	1.59763166	-1.303924281	0.9999999953657999	0.9998543757704285
5.097290743	-0.6159828894	0.1473334492	0.9999999953657999	0.9998543757704285
-2.347656987	2.419449306	-0.7922766441	0.9999999953657999	0.9998543757704285
-1.319051237	-3.833011177	1.055096437	0.9999999953657999	0.9998543757704285
2.075955923	-3.059307222	-0.6310722935	0.9999999953657999	0.9998543757704285
9.194315405	0.8696917324	0.2369802178	0.9999999953657999	0.9998543757704285
-2.867554174	2.387317768	-1.134852696	0.9999999953657999	0.9998543757704285
-1.680025107	1.645475099	1.562363651	0.9999999953657999	0.9998543757704285
-1.924880053	0.06719750852	-0.6507201843	0.9999999953657999	0.9998543757704285
-1.349535334	0.3430578858	1.403087185	0.9999999953657999	0.9998543757704285
1.987984332	-0.3386324875	1.44066222	0.9999999953657999	0.9998543757704285
-0.5722528388	1.899987429	0.6502922443	0.9999999953657999	0.9998543757704285
5.43442624	1.500470747	-0.1948544068	0.9999999953657999	0.9998543757704285
6.89098202	-0.4543235709	1.397689527	0.9999999953657999	0.9998543757704285
8.430792064	1.793771365	-0.6324163795	0.9999999953657999	0.9998543757704285
0.4659295214	0.9059957717	-0.8556043686	0.9999999953657999	0.9998543757704285
4.534649543	-0.588752668	-1.224054512	0.9999999953657999	0.9998543757704285
-0.1074516506	0.394596485	-0.790906708	0.9999999953657999	0.9998543757704285
-0.0700212676	1.67925282	0.2805138301	0.9999999953657999	0.9998543757704285
-0.07420145909	1.48620329	0.7714859472	0.9999999953657999	0.9998543757704285
1.667079158	-2.291968518	-1.384837459	0.9999999953657999	0.9998543757704285
-5.808961953	1.188704934	-0.9118343791	0.9999999953657999	0.9998543757704285
0.7141521053	-0.0191268242	1.041853508	0.9999999953657999	0.9998543757704285
-3.321100284	0.8664079146	1.453581127	0.9999999953657999	0.9998543757704285
-3.476331905	-0.04266870789	0.1230533578	0.9999999953657999	0.9998543757704285
-0.7801870694	-0.9917764962	-2.108789502	0.9999999953657999	0.9998543757704285
-8.107710758	1.029582289	-0.04397159815	0.9999999953657999	0.9998543757704285
-2.818102658	2.327523598	0.1000869956	0.9999999953657999	0.9998543757704285
2.643178866	-0.9652510574	-0.9692113559	0.9999999953657999	0.9998543757704285
1.283415125	-1.213838339	-0.2156824898	0.9999999953657999	0.9998543757704285
6.229727605	2.097646377	1.521730015	0.9999999953657999	0.9998543757704285
-2.673499171	0.6901221472	-0.7978629331	0.9999999953657999	0.9998543757704285
3.453289137	-0.1375163267	1.398686622	0.9999999953657999	0.9998543757704285
-4.82368615	-1.247322837	-1.146636788	0.9999999953657999	0.9998543757704285
2.617121329	-0.3665943955	-0.4129276389	0.9999999953657999	0.9998543757704285
-2.520817379	0.4034014584	-0.7476940465	0.9999999953657999	0.9998543757704285
1.564418733	-0.1303573288	1.053285713	0.9999999953657999	0.9998543757704285
0.1173575252	-2.445262046	0.6548487015	0.9999999953657999	0.9998543757704285
1.399763183	-3.713980367	0.5662406009	0.9999999953657999	0.9998543757704285
-3.192577765	-1.246490761	1.201227758	0.9999999953657999	0.9998543757704285
-3.56072295	-2.122137692	-0.8233812747	0.9999999953657999	0.9998543757704285
0.362958519	2.80934623	0.290391952	0.9999999953657999	0.9998543757704285
4.853054861	1.88880491	0.6198600079	0.9999999953657999	0.9998543757704285
-0.8725559358	1.909454391	-0.02522622334	0.9999999953657999	0.9998543757704285
-4.199244338	-1.867538114	-0.1595203595	0.9999999953657999	0.9998543757704285
4.742761955	2.48973294	0.6842555303	0.9999999953657999	0.9998543757704285
-3.462934664	-0.7903592889	0.1324204354	0.9999999953657999	0.9998543757704285
3.031357027	-0.7967606103	-1.565214561	0.9999999953657999	0.9998543757704285
-0.2747015305	2.362207729	0.1723391288	0.9999999953657999	0.9998543757704285
9.785835747	0.6584479558	-0.6219152714	0.9999999953657999	0.9998543757704285
-1.803089762	1.557349377	1.116154047	0.9999999953657999	0.9998543757704285
-1.023557476	2.140921611	-0.8114563769	0.9999999953657999	0.9998543757704285
-0.5928463755	1.776052358	-0.2920817515	0.9999999953657999	0.9998543757704285
-2.373305801	2.400372975	1.203810487	0.9999999953657999	0.9998543757704285
-3.005705116	4.359415601	-0.1004095304	0.9999999953657999	0.9998543757704285
2.884065672	-5.999804238	0.85249556	0.9999999953657999	0.9998543757704285
1.407577234	-1.66537016	1.276982511	0.9999999953657999	0.9998543757704285
-1.801756784	-0.5031169644	-0.2570441879	0.9999999953657999	0.9998543757704285
-3.836390482	-1.488713325	0.5722563731	0.9999999953657999	0.9998543757704285
1.96323963	-1.960901641	-2.161449153	0.9999999953657999	0.9998543757704285
-1.696953523	-2.566880586	-0.7753166998	0.9999999953657999	0.9998543757704285
-1.609570911	-0.5871351231	-1.542241698	0.9999999953657999	0.9998543757704285
3.436462327	-2.000768134	-0.7999844277	0.9999999953657999	0.9998543757704285
-1.740273111	1.781989186	-0.502693831	0.9999999953657999	0.9998543757704285
1.264511357	3.719427737	-0.2921488165	0.9999999953657999	0.9998543757704285
-6.9656498	-4.239696266	0.9428252512	0.9999999953657999	0.9998543757704285
-9.538078265	0.2738710099	-0.202607021	0.9999999953657999	0.9998543757704285
3.895893676	0.7432037929	-1.160434083	0.9999999953657999	0.9998543757704285
5.131185655	-0.1309659203	-0.6530497372	0.9999999953657999	0.9998543757704285
4.247857324	-0.3671083954	0.06887696898	0.9999999953657999	0.9998543757704285
-11.80118654	-0.3100658749	0.4430853475	0.9999999953657999	0.9998543757704285
7.712787662	-0.8654169052	-0.3026333182	0.9999999953657999	0.9998543757704285
-1.009147377	-1.31337707	-1.863625745	0.9999999953657999	0.9998543757704285
4.044376443	-1.505656184	-0.634562724	0.9999999953657999	0.9998543757704285
3.757953975	-0.3516295752	-1.489855309	0.9999999953657999	0.9998543757704285
1.614608804	-2.495953051	1.175642698	0.9999999953657999	0.9998543757704285
-6.135009689	-0.2622242002	0.5791998616	0.9999999953657999	0.9998543757704285
-3.87125305	-1.846101402	-0.6472500915	0.9999999953657999	0.9998543757704285
1.88811156	0.2308121593	-1.827012403	0.9999999953657999	0.9998543757704285
2.285444076	-2.17603543	-0.3366725795	0.9999999953657999	0.9998543757704285
-6.341834883	2.714606542	-0.06524534885	0.9999999953657999	0.9998543757704285
-1.897642605	1.165641663	-1.214533255	0.9999999953657999	0.9998543757704285
-0.3845437769	-2.697827187	0.3976517904	0.9999999953657999	0.9998543757704285
3.311050971	0.332335521	0.05912647519	0.9999999953657999	0.9998543757704285
10.93977198	1.217191014	0.3502655693	0.9999999953657999	0.9998543757704285
0.6301516951	1.692751829	-0.451137059	0.9999999953657999	0.9998543757704285
-4.212428338	-0.6381961038	-0.1984781058	0.9999999953657999	0.9998543757704285
2.767553412	-2.205351923	0.2383511132	0.9999999953657999	0.9998543757704285
2.303804228	-2.324396275	-0.09439809596	0.9999999953657999	0.9998543757704285
-1.894068678	-4.414984583	0.6446256615	0.9999999953657999	0.9998543757704285
-1.055435866	1.273901262	-1.18174817	0.9999999953657999	0.9998543757704285
-0.9177155007	-0.3634107115	-0.6992306487	0.9999999953657999	0.9998543757704285
-1.711656985	-0.7414372247	-0.7966230443	0.9999999953657999	0.9998543757704285
2.595283791	-0.2650941966	-0.2909496297	0.9999999953657999	0.9998543757704285
4.664004648	-0.6579191847	-0.341302226	0.9999999953657999	0.9998543757704285
-1.858084422	0.3391627911	0.5258537919	0.9999999953657999	0.9998543757704285
-8.120173853	-1.843809009	0.6989017733	0.9999999953657999	0.9998543757704285
0.1011896682	-2.490249708	-0.07655731353	0.9999999953657999	0.9998543757704285
-0.7685862482	-1.546808233	0.0836323449	0.9999999953657999	0.9998543757704285
-2.680661762	-3.366242233	-1.075127739	0.9999999953657999	0.9998543757704285
6.095944437	-1.941209061	1.047007107	0.9999999953657999	0.9998543757704285
-0.1127429493	-1.398607896	0.1657878647	0.9999999953657999	0.9998543757704285
-8.751009847	-1.494062095	-0.896242202	0.9999999953657999	0.9998543757704285
9.847879163	0.345630323	0.2053680327	0.9999999953657999	0.9998543757704285
-3.009309633	-0.9314266472	0.1393243367	0.9999999953657999	0.9998543757704285
-3.082315866	-0.9448057893	0.4128509885	0.9999999953657999	0.9998543757704285
-5.077519211	-0.9089831003	-0.574134504	0.9999999953657999	0.9998543757704285
-0.3656063761	2.441608554	0.5032797681	0.9999999953657999	0.9998543757704285
-3.293531544	1.021618773	2.706274658	0.9999999953657999	0.9998543757704285
3.089219927	-1.230575107	0.5769003479	0.9999999953657999	0.9998543757704285
1.772999399	-1.241788091	0.163941106	0.9999999953657999	0.9998543757704285
-0.7621067348	2.83658091	-0.3782939518	0.9999999953657999	0.9998543757704285
2.915998163	0.6167547181	0.8363435989	0.9999999953657999	0.9998543757704285
1.622481236	1.249701193	-1.212757433	0.9999999953657999	0.9998543757704285
0.0829841455	0.9180264896	-0.7914592785	0.9999999953657999	0.9998543757704285
-4.681322637	-0.523732738	0.894907502	0.9999999953657999	0.9998543757704285
3.591878718	3.015654157	0.6871583718	0.9999999953657999	0.9998543757704285
-6.626698853	0.3386945113	0.1424407078	0.9999999953657999	0.9998543757704285
6.834603506	-3.397211497	2.193400974	0.9999999953657999	0.9998543757704285
3.556038207	0.8022085259	0.989476638	0.9999999953657999	0.9998543757704285
-3.261451088	-1.357444827	0.8990513895	0.9999999953657999	0.9998543757704285
-0.203795259	4.810264632	-0.5909620616	0.9999999953657999	0.9998543757704285
-7.320415944	-3.786744657	-0.176789648	0.9999999953657999	0.9998543757704285
1.492781987	0.7992696169	0.0284934778	0.9999999953657999	0.9998543757704285
6.131212775	0.9364130746	-1.013671144	0.9999999953657999	0.9998543757704285
-4.605387465	-0.4514271311	-1.416649828	0.9999999953657999	0.9998543757704285
-5.801791377	-3.712879527	-2.483141633	0.9999999953657999	0.9998543757704285
-1.163501517	5.365196639	0.6329812683	0.9999999953657999	0.9998543757704285
2.835455822	-1.462133163	-0.5100942817	0.9999999953657999	0.9998543757704285
-3.920758095	-0.2130108538	1.543673902	0.9999999953657999	0.9998543757704285
6.66125637	-1.912647135	-0.6381132539	0.9999999953657999	0.9998543757704285
-0.2334614104	1.257885908	-0.7659196545	0.9999999953657999	0.9998543757704285
4.856590777	-1.144400827	0.03158925498	0.9999999953657999	0.9998543757704285
2.695871813	-1.103919048	-0.1866786938	0.9999999953657999	0.9998543757704285
4.075704353	-0.5036791812	0.1185348966	0.9999999953657999	0.9998543757704285
-1.125612961	-1.609043964	1.311783854	0.9999999953657999	0.9998543757704285
3.583453728	-0.9652699579	1.922844844	0.9999999953657999	0.9998543757704285
-4.850317199	0.3615478515	0.5123881491	0.9999999953657999	0.9998543757704285
11.15941994	1.297759751	-0.08140224708	0.9999999953657999	0.9998543757704285
-0.03605338655	2.007267241	0.5958726269	0.9999999953657999	0.9998543757704285
-1.897910649	-1.060471043	0.3223749035	0.9999999953657999	0.9998543757704285
-5.028636535	4.172203471	0.01262434661	0.9999999953657999	0.9998543757704285
-6.330436053	-0.09784141562	-0.1092092667	0.9999999953657999	0.9998543757704285
-0.0969201572	0.02119090851	-1.511418962	0.9999999953657999	0.9998543757704285
0.8149590554	0.784879897	0.5328981713	0.9999999953657999	0.9998543757704285
-1.531797321	-1.835336866	0.4085327115	0.9999999953657999	0.9998543757704285
-3.126733091	-4.481595298	0.6792381775	0.9999999953657999	0.9998543757704285
-0.1083917135	-0.6170114578	0.6164329382	0.9999999953657999	0.9998543757704285
1.93246262	1.364705329	-1.127289284	0.9999999953657999	0.9998543757704285
-6.07405177	0.9620250728	-0.9286709703	0.9999999953657999	0.9998543757704285
-5.623598518	1.587165202	-0.328223176	0.9999999953657999	0.9998543757704285
2.246559103	0.4166213181	0.5328079494	0.9999999953657999	0.9998543757704285
0.8795105228	-0.4638169115	1.358614411	0.9999999953657999	0.9998543757704285
-0.07942516837	-1.725763929	0.3700017382	0.9999999953657999	0.9998543757704285
0.3520353402	-1.371414387	-0.3237813379	0.9999999953657999	0.9998543757704285
3.396511935	-0.1722655152	0.6097406578	0.9999999953657999	0.9998543757704285
-1.450992608	-0.2902043475	-0.0843695673	0.9999999953657999	0.9998543757704285
0.8460370721	5.371757552	-1.298105654	0.9999999953657999	0.9998543757704285
5.30690259	0.1686208719	-0.6686124052	0.9999999953657999	0.9998543757704285
-0.7673775698	0.06120805238	1.401936993	0.9999999953657999	0.9998543757704285
-0.4441971777	-1.26950468	-0.7856457983	0.9999999953657999	0.9998543757704285
-2.486768445	1.352002727	-1.936964132	0.9999999953657999	0.9998543757704285
-0.095977625	-0.8802189323	0.3937238574	0.9999999953657999	0.9998543757704285
-7.893003756	2.354160688	-0.1107598173	0.9999999953657999	0.9998543757704285
-3.885098723	-1.110474461	1.316008027	0.9999999953657999	0.9998543757704285
7.428119061	-1.828056202	-2.544162693	0.9999999953657999	0.9998543757704285
3.739292763	1.772109719	-1.195671627	0.9999999953657999	0.9998543757704285
-3.918746414	3.002050104	0.03080382783	0.9999999953657999	0.9998543757704285
4.898153523	1.358670525	-0.3769102083	0.9999999953657999	0.9998543757704285
0.3589191545	1.073498811	0.2858586745	0.9999999953657999	0.9998543757704285
-1.983004477	1.663629389	1.082606902	0.9999999953657999	0.9998543757704285
-7.116817183	6.079979587	0.3536562048	0.9999999953657999	0.9998543757704285
7.305603248	-2.501004031	0.2531112713	0.9999999953657999	0.9998543757704285
4.776107785	-1.635828081	-0.2292123351	0.9999999953657999	0.9998543757704285
-6.083224382	-1.697648763	-0.7969541688	0.9999999953657999	0.9998543757704285
6.23278452	0.1196142331	-1.010971456	0.9999999953657999	0.9998543757704285
-0.1232643048	-1.169000933	0.8547538952	0.9999999953657999	0.9998543757704285
-1.69232267	2.801385176	-0.8981037497	0.9999999953657999	0.9998543757704285
-0.07405151079	1.100091254	-1.102833433	0.9999999953657999	0.9998543757704285
-6.10980459	1.017352976	-0.7257675083	0.9999999953657999	0.9998543757704285
0.05806212537	-2.216066341	-1.58899053	0.9999999953657999	0.9998543757704285
2.472895242	-1.462945579	-0.488094668	0.9999999953657999	0.9998543757704285
-1.905628957	1.000763769	-1.274666288	0.9999999953657999	0.9998543757704285
-0.3257564328	2.156135979	-0.6668825862	0.9999999953657999	0.9998543757704285
3.761108383	2.467514	0.8561841741	0.9999999953657999	0.9998543757704285
-2.64853085	-2.153611746	-1.451730077	0.9999999953657999	0.9998543757704285
2.937951255	-0.1933869373	0.8343326622	0.9999999953657999	0.9998543757704285
-1.071772946	3.816343024	0.8578402865	0.9999999953657999	0.9998543757704285
-0.6363602776	4.040918897	0.6595249153	0.9999999953657999	0.9998543757704285
5.701356373	0.8407974865	-0.008068519314	0.9999999953657999	0.9998543757704285
2.821276367	0.0634694089	-0.2216757718	0.9999999953657999	0.9998543757704285
3.445044	1.270863675	-0.4927304637	0.9999999953657999	0.9998543757704285
-0.02034553669	-1.453119127	2.273430332	0.9999999953657999	0.9998543757704285
-4.014066919	1.763392004	0.2920063034	0.9999999953657999	0.9998543757704285
-2.251212966	-0.1854863705	-1.802105285	0.9999999953657999	0.9998543757704285
0.4833258667	0.1780665341	0.9295800532	0.9999999953657999	0.9998543757704285
-0.2916133216	-1.499852525	0.3363409046	0.9999999953657999	0.9998543757704285
3.076687242	2.574532609	-0.7939730041	0.9999999953657999	0.9998543757704285
-4.300285955	1.293022709	0.9889011695	0.9999999953657999	0.9998543757704285
0.2299754231	-3.643109718	0.9463585671	0.9999999953657999	0.9998543757704285
-2.051900701	1.065453146	1.230610212	0.9999999953657999	0.9998543757704285
-1.980244993	1.586191675	-2.164796275	0.9999999953657999	0.9998543757704285
0.5169721991	-2.760649053	-0.6328762106	0.9999999953657999	0.9998543757704285
-0.8082988093	0.6453904489	-0.009551936462	0.9999999953657999	0.9998543757704285
5.742983482	0.4940726766	1.599964807	0.9999999953657999	0.9998543757704285
-2.066824018	-0.2081220773	-1.729259305	0.9999999953657999	0.9998543757704285
-1.393275832	-0.5942839372	-0.1574185279	0.9999999953657999	0.9998543757704285
-2.938244241	1.456139862	-0.4424184346	0.9999999953657999	0.9998543757704285
3.992327225	0.04739666973	-0.234406147	0.9999999953657999	0.9998543757704285
-7.127486097	-1.970197671	-0.2940968963	0.9999999953657999	0.9998543757704285
2.072763546	0.902871923	0.1827395858	0.9999999953657999	0.9998543757704285
4.081760878	-0.5626308341	0.9242635022	0.9999999953657999	0.9998543757704285
2.067270985	1.035398967	0.4534422118	0.9999999953657999	0.9998543757704285
9.134018857	-3.079152893	-0.4345631395	0.9999999953657999	0.9998543757704285
3.388718465	0.7203654685	-1.824785412	0.9999999953657999	0.9998543757704285
-2.651977181	1.109460895	0.2161036479	0.9999999953657999	0.9998543757704285
-2.728388352	-3.621318254	-0.3761650527	0.9999999953657999	0.9998543757704285
0.8147555218	0.03991914564	-0.6963214967	0.9999999953657999	0.9998543757704285
8.257289745	-0.1131113489	-2.619583385	0.9999999953657999	0.9998543757704285
4.676616267	2.232544303	1.243133554	0.9999999953657999	0.9998543757704285
2.412935149	-4.668879352	0.5777471586	0.9999999953657999	0.9998543757704285
1.218151542	1.101577261	-1.726254426	0.9999999953657999	0.9998543757704285
-1.675997404	0.699764673	0.02204431327	0.9999999953657999	0.9998543757704285
2.773906654	-0.2176317099	-0.1664786548	0.9999999953657999	0.9998543757704285
-0.08111132174	0.1294865984	-0.3588026797	0.9999999953657999	0.9998543757704285
3.56624699	1.781161323	0.2169154338	0.9999999953657999	0.9998543757704285
-6.234912952	-3.140943453	0.5176576621	0.9999999953657999	0.9998543757704285
-2.743566621	-0.8997370509	0.5536714846	0.9999999953657999	0.9998543757704285
0.6002638795	2.974707018	1.569098761	0.9999999953657999	0.9998543757704285
-0.4208419142	3.312451153	1.674137769	0.9999999953657999	0.9998543757704285
-1.020304644	-0.1164517036	0.3430783313	0.9999999953657999	0.9998543757704285
-2.0750768	1.054039199	-0.7447326841	0.9999999953657999	0.9998543757704285
-4.006327173	1.532860521	-0.11871428	0.9999999953657999	0.9998543757704285
3.041663789	-0.02270110213	-0.4467048231	0.9999999953657999	0.9998543757704285
-4.282158625	0.9911044675	-1.120790506	0.9999999953657999	0.9998543757704285
1.244107393	0.4933309284	-1.673364042	0.9999999953657999	0.9998543757704285
-4.249754432	-4.894478151	0.5073503972	0.9999999953657999	0.9998543757704285
0.7717605868	0.3661395836	0.7587531067	0.9999999953657999	0.9998543757704285
-10.75650823	-0.8543876335	-2.526146646	0.9999999953657999	0.9998543757704285
3.586499897	0.273253142	-0.6745142642	0.9999999953657999	0.9998543757704285
1.206220352	-1.167900601	1.085435773	0.9999999953657999	0.9998543757704285
5.135550755	-0.9196757528	-1.259829453	0.9999999953657999	0.9998543757704285
2.605426993	-0.8248094646	0.9119221394	0.9999999953657999	0.9998543757704285
4.867991276	-2.168365703	-0.7919747672	0.9999999953657999	0.9998543757704285
-3.656560639	-2.400102826	0.2859464977	0.9999999953657999	0.9998543757704285
3.311386127	0.505389454	-0.1677827053	0.9999999953657999	0.9998543757704285
4.158017553	1.348004339	-0.3667731402	0.9999999953657999	0.9998543757704285
2.684823782	0.6658875471	-0.944535961	0.9999999953657999	0.9998543757704285
-3.840194968	1.176927809	-0.6702082107	0.9999999953657999	0.9998543757704285
3.920289604	1.841664036	1.076447445	0.9999999953657999	0.9998543757704285
4.953982609	-0.2434198133	0.457680267	0.9999999953657999	0.9998543757704285
-0.9866240607	-1.022710924	0.9914219181	0.9999999953657999	0.9998543757704285
-3.336364926	-0.3472274359	0.3598761466	0.9999999953657999	0.9998543757704285
-1.248042995	0.579480926	1.317225775	0.9999999953657999	0.9998543757704285
4.255678795	-1.712458571	0.6731828815	0.9999999953657999	0.9998543757704285
8.55005411	-0.8711451568	1.451660341	0.9999999953657999	0.9998543757704285
-3.567631716	1.900631572	2.1857308	0.9999999953657999	0.9998543757704285
0.8365524058	2.738874411	0.2104007927	0.9999999953657999	0.9998543757704285
0.1506179918	-2.377617985	0.5761542196	0.9999999953657999	0.9998543757704285
2.197316638	1.264512694	-0.02515732622	0.9999999953657999	0.9998543757704285
-3.205480128	-0.1183204013	-1.064268417	0.9999999953657999	0.9998543757704285
-5.510944417	1.190483027	-0.6742058033	0.9999999953657999	0.9998543757704285
-1.390830287	3.207242019	0.2446252631	0.9999999953657999	0.9998543757704285
4.152210379	0.226334502	-1.147458753	0.9999999953657999	0.9998543757704285
-1.132527048	3.192144377	-0.2814024419	0.9999999953657999	0.9998543757704285
3.246623652	-1.858600625	0.3234517615	0.9999999953657999	0.9998543757704285
-4.60528217	-1.144443977	-1.721456229	0.9999999953657999	0.9998543757704285
2.432567349	1.606677521	0.02761542231	0.9999999953657999	0.9998543757704285
-1.45752768	1.385469868	0.2781689712	0.9999999953657999	0.9998543757704285
4.800972449	0.1030734221	-0.1295658857	0.9999999953657999	0.9998543757704285
1.308841207	1.092731983	1.312911264	0.9999999953657999	0.9998543757704285
-0.348106559	1.699358567	-0.6004895873	0.9999999953657999	0.9998543757704285
1.119216234	2.39321935	-1.182646306	0.9999999953657999	0.9998543757704285
11.13916669	1.396894831	0.9694705012	0.9999999953657999	0.9998543757704285
-3.878370169	-4.680097978	-1.427105974	0.9999999953657999	0.9998543757704285
-4.150062822	2.057389848	0.2067559754	0.9999999953657999	0.9998543757704285
-6.871450915	-0.3957599938	0.4626017702	0.9999999953657999	0.9998543757704285
0.3473171167	1.450093426	0.3504620573	0.9999999953657999	0.9998543757704285
-7.826915702	3.991599612	-1.08749644	0.9999999953657999	0.9998543757704285
1.17383113	-4.275992326	-0.269047329	0.9999999953657999	0.9998543757704285
-3.737946456	0.7888359931	0.8825764638	0.9999999953657999	0.9998543757704285
2.269651326	0.9632312732	0.5138710709	0.9999999953657999	0.9998543757704285
-2.685881633	-1.116643953	0.7046569721	0.9999999953657999	0.9998543757704285
5.974423897	-2.919198192	1.628747093	0.9999999953657999	0.9998543757704285
3.831342836	1.369144055	-0.3989352851	0.9999999953657999	0.9998543757704285
4.001847548	-1.515533498	-0.2964808989	0.9999999953657999	0.9998543757704285
-1.363932544	-0.4481126645	-0.4568615711	0.9999999953657999	0.9998543757704285
-1.264387414	-0.2249594854	1.824836409	0.9999999953657999	0.9998543757704285
-0.7018450078	0.0248799428	0.7375428133	0.9999999953657999	0.9998543757704285
3.715449986	3.150073307	-0.8030387114	0.9999999953657999	0.9998543757704285
-3.06125254	-0.5331520016	-0.2290194176	0.9999999953657999	0.9998543757704285
0.3533654123	1.355975446	-0.001332321281	0.9999999953657999	0.9998543757704285
-8.167396383	-0.9866705642	-0.7637138975	0.9999999953657999	0.9998543757704285
3.991630366	-3.60787044	-0.2110544487	0.9999999953657999	0.9998543757704285
-1.603563873	-0.3782902288	-0.5135767954	0.9999999953657999	0.9998543757704285
-6.173730864	-2.075593914	-1.17978753	0.9999999953657999	0.9998543757704285
5.299285347	-2.118527628	-1.101055196	0.9999999953657999	0.9998543757704285
1.338855157	-1.931975743	-0.02330204291	0.9999999953657999	0.9998543757704285
0.8813016185	-1.683683617	0.357701259	0.9999999953657999	0.9998543757704285
1.030088504	0.6539892164	-0.1599894145	0.9999999953657999	0.9998543757704285
2.112416122	-0.4913986036	-1.030108177	0.9999999953657999	0.9998543757704285
-5.238248934	-3.067187883	1.790363947	0.9999999953657999	0.9998543757704285
-2.841872711	-2.256929158	-0.1562664358	0.9999999953657999	0.9998543757704285
-4.429468314	1.238340988	-0.2041984973	0.9999999953657999	0.9998543757704285
-0.7380951534	-1.223585839	-0.4096397723	0.9999999953657999	0.9998543757704285
3.209076537	0.2338239535	-0.4486356058	0.9999999953657999	0.9998543757704285
-1.215163954	2.0473725	-0.4726520386	0.9999999953657999	0.9998543757704285
3.089905156	-1.68317318	0.5437584035	0.9999999953657999	0.9998543757704285
1.511367432	2.111623238	0.4728663883	0.9999999953657999	0.9998543757704285
-2.156551406	-2.701066763	0.2241557506	0.9999999953657999	0.9998543757704285
-7.548982739	-0.3897368499	0.368929501	0.9999999953657999	0.9998543757704285
-2.786379164	0.6749909489	0.9588563049	0.9999999953657999	0.9998543757704285
-2.843549187	-0.3404079188	-0.154234381	0.9999999953657999	0.9998543757704285
-0.08025141412	-0.752623577	0.8735799967	0.9999999953657999	0.9998543757704285
1.631831406	-1.651809227	0.9983277564	0.9999999953657999	0.9998543757704285
3.16024978	2.21539111	1.339885989	0.9999999953657999	0.9998543757704285
-0.6057267218	0.7341602755	-0.1638845093	0.9999999953657999	0.9998543757704285
-4.291086352	4.944264149	-2.162418844	0.9999999953657999	0.9998543757704285
3.743564949	-2.189785401	-0.372473704	0.9999999953657999	0.9998543757704285
0.2530191181	2.572227201	0.009971944727	0.9999999953657999	0.9998543757704285
-2.951832831	-3.004243227	1.737576517	0.9999999953657999	0.9998543757704285
-9.11876638	-1.926025547	0.1539172843	0.9999999953657999	0.9998543757704285
1.626974089	0.05367989393	-0.1800987168	0.9999999953657999	0.9998543757704285
-4.675747958	0.5900995577	-1.033301687	0.9999999953657999	0.9998543757704285
7.513120957	2.136834089	-0.7949094491	0.9999999953657999	0.9998543757704285
0.128962862	2.529684045	0.7328768875	0.9999999953657999	0.9998543757704285
-0.5177970527	-0.3790067134	-0.2221071065	0.9999999953657999	0.9998543757704285
-0.5014089504	2.049422086	0.8928081153	0.9999999953657999	0.9998543757704285
-0.5535746926	0.5324830469	1.688787915	0.9999999953657999	0.9998543757704285
-4.513827173	-2.857259847	-0.9865024619	0.9999999953657999	0.9998543757704285
-0.01491679605	0.2505104639	-0.578407662	0.9999999953657999	0.9998543757704285
-6.954742934	-1.603985176	0.2590470892	0.9999999953657999	0.9998543757704285
-5.072300312	-0.1557978095	-0.7158099577	0.9999999953657999	0.9998543757704285
1.376360003	1.592116401	-1.074613451	0.9999999953657999	0.9998543757704285
-4.282505502	0.6344093947	-2.731521442	0.9999999953657999	0.9998543757704285
-1.733819404	-4.31198058	0.9001308128	0.9999999953657999	0.9998543757704285
0.9976258708	2.243994762	0.6567515023	0.9999999953657999	0.9998543757704285
-0.9385852383	1.345635817	-0.2718039933	0.9999999953657999	0.9998543757704285
2.451175133	-1.052568672	0.5279801967	0.9999999953657999	0.9998543757704285
-0.2511458214	-1.167386563	-1.139664732	0.9999999953657999	0.9998543757704285
3.517307038	2.462657804	-0.05544886578	0.9999999953657999	0.9998543757704285
3.010352725	1.956618213	0.6276105152	0.9999999953657999	0.9998543757704285
-1.073789322	-1.221459262	0.5971988797	0.9999999953657999	0.9998543757704285
1.242671582	-1.091790403	1.575547972	0.9999999953657999	0.9998543757704285
-1.891419161	-2.254178894	0.7139688637	0.9999999953657999	0.9998543757704285
1.243585865	1.221252092	-0.359774907	0.9999999953657999	0.9998543757704285
-2.941168142	-1.896909394	-0.9611898418	0.9999999953657999	0.9998543757704285
1.969459638	1.208556651	0.8397596132	0.9999999953657999	0.9998543757704285
1.230502604	-0.6894815314	-1.232223277	0.9999999953657999	0.9998543757704285
-0.3602891594	1.204777288	-2.056872588	0.9999999953657999	0.9998543757704285
0.949996506	-0.3863117418	0.8393127384	0.9999999953657999	0.9998543757704285
10.13784299	-1.795931926	-1.147826914	0.9999999953657999	0.9998543757704285
2.611433837	1.504748949	-0.2437134326	0.9999999953657999	0.9998543757704285
0.1868793106	0.6460310909	-1.339450337	0.9999999953657999	0.9998543757704285
-0.2220713988	-0.1264007178	2.257590842	0.9999999953657999	0.9998543757704285
7.585562484	-0.1436758242	0.1977553909	0.9999999953657999	0.9998543757704285
0.8168879278	-3.620963385	0.7936222942	0.9999999953657999	0.9998543757704285
3.579758075	-0.5438933228	1.130459058	0.9999999953657999	0.9998543757704285
4.753193538	0.9055514457	-0.1639620391	0.9999999953657999	0.9998543757704285
8.004100804	-1.33242979	0.4801259276	0.9999999953657999	0.9998543757704285
1.182274938	3.361853407	0.1101747039	0.9999999953657999	0.9998543757704285
4.85773586	0.5205068542	-2.036968102	0.9999999953657999	0.9998543757704285
0.7182921406	-0.8252554783	0.6136059319	0.9999999953657999	0.9998543757704285
-1.618248478	-0.622213857	-0.4498490226	0.9999999953657999	0.9998543757704285
0.2118863064	-0.5591019354	-0.8832216593	0.9999999953657999	0.9998543757704285
-3.419623338	-1.108212703	-2.04568666	0.9999999953657999	0.9998543757704285
2.248558367	-1.603617492	-1.556634169	0.9999999953657999	0.9998543757704285
-0.9513508656	4.998962196	0.7269099053	0.9999999953657999	0.9998543757704285
1.534864838	0.1542143172	0.01385912499	0.9999999953657999	0.9998543757704285
1.795120725	1.057605615	-1.282319207	0.9999999953657999	0.9998543757704285
-5.629302606	-0.9859626517	-0.8673073048	0.9999999953657999	0.9998543757704285
0.3732366281	-0.8929042679	0.7557612148	0.9999999953657999	0.9998543757704285
-4.645050886	-1.128660216	0.1975739333	0.9999999953657999	0.9998543757704285
-1.33028276	-0.0968324556	1.214707653	0.9999999953657999	0.9998543757704285
2.135371388	0.4500650216	-0.86661652	0.9999999953657999	0.9998543757704285
1.483167921	-3.449645679	0.6245542921	0.9999999953657999	0.9998543757704285
0.9847563043	-0.5183874406	-1.595290263	0.9999999953657999	0.9998543757704285
2.893766983	2.431390888	0.5264800376	0.9999999953657999	0.9998543757704285
-5.107386827	-0.8920987151	0.8455478584	0.9999999953657999	0.9998543757704285
-5.121644763	0.1728875466	-0.6625071897	0.9999999953657999	0.9998543757704285
0.5735132894	2.881781976	2.749776364	0.9999999953657999	0.9998543757704285
3.575751403	0.1562677888	-1.444141892	0.9999999953657999	0.9998543757704285
7.363414702	1.698707635	0.7236284624	0.9999999953657999	0.9998543757704285
2.462608442	4.103560301	0.7723927245	0.9999999953657999	0.9998543757704285
-0.8391858176	1.83649668	-0.2386495448	0.9999999953657999	0.9998543757704285
-2.428845609	-2.383088588	-0.4959849604	0.9999999953657999	0.9998543757704285
0.8663372012	1.794022925	0.2075434939	0.9999999953657999	0.9998543757704285
-10.14164438	3.240978047	1.178939531	0.9999999953657999	0.9998543757704285
1.555187842	-1.109554835	0.7415120753	0.9999999953657999	0.9998543757704285
-0.7245442479	1.674762588	1.664674602	0.9999999953657999	0.9998543757704285
0.996658921	1.872720272	-1.206817313	0.9999999953657999	0.9998543757704285
-3.093530812	2.829174013	0.1737168325	0.9999999953657999	0.9998543757704285
-4.782291706	1.583191709	1.240550971	0.9999999953657999	0.9998543757704285
1.845183707	1.233801379	1.126209755	0.9999999953657999	0.9998543757704285
0.5477111264	-1.577554758	0.6518281714	0.9999999953657999	0.9998543757704285
7.063176314	0.457086059	0.312453001	0.9999999953657999	0.9998543757704285
1.947321909	0.5687824549	-1.796737079	0.9999999953657999	0.9998543757704285
2.90709139	-1.327397158	-0.9395006307	0.9999999953657999	0.9998543757704285
-3.121011009	-2.065345442	-0.3027969888	0.9999999953657999	0.9998543757704285
5.928800666	-1.459676054	-2.578289636	0.9999999953657999	0.9998543757704285
-0.2440052193	1.111352285	-0.1800800259	0.9999999953657999	0.9998543757704285
1.859334301	2.090189194	1.066231318	0.9999999953657999	0.9998543757704285
0.887310557	0.6722823377	-0.9017010648	0.9999999953657999	0.9998543757704285
2.100818194	-0.852839548	-1.286737605	0.9999999953657999	0.9998543757704285
-2.429220619	-3.667700928	-0.6011540857	0.9999999953657999	0.9998543757704285
-5.951435723	-4.43935475	0.3651783103	0.9999999953657999	0.9998543757704285
-4.996308918	-3.227367971	-0.4909512322	0.9999999953657999	0.9998543757704285
8.464134857	-1.615229944	0.2966561463	0.9999999953657999	0.9998543757704285
-0.7621596924	1.251486475	-0.585700954	0.9999999953657999	0.9998543757704285
-2.308677434	-1.581289049	0.576075112	0.9999999953657999	0.9998543757704285
-0.932266993	0.390781983	-0.7493370429	0.9999999953657999	0.9998543757704285
6.867521117	0.3678669346	0.4201591586	0.9999999953657999	0.9998543757704285
-2.610674427	0.9427189939	-1.394890351	0.9999999953657999	0.9998543757704285
-2.322255173	-0.4944207155	2.20972297	0.9999999953657999	0.9998543757704285
-3.484678888	1.948935463	-1.126246487	0.9999999953657999	0.9998543757704285
-5.722943098	-1.575233754	0.8593480573	0.9999999953657999	0.9998543757704285
-1.658459136	2.644200753	-0.9315773121	0.9999999953657999	0.9998543757704285
2.146898554	0.5247837262	0.6458555438	0.9999999953657999	0.9998543757704285
-5.056653692	0.4748297454	1.087707868	0.9999999953657999	0.9998543757704285
5.198483348	0.5290162125	0.6828943986	0.9999999953657999	0.9998543757704285
-1.934285666	1.15640765	-1.318994805	0.9999999953657999	0.9998543757704285
-7.809150678	-1.53341972	1.326736488	0.9999999953657999	0.9998543757704285
4.107483173	-0.1648794681	-1.180562584	0.9999999953657999	0.9998543757704285
0.6744987135	-0.2325644199	-2.102608181	0.9999999953657999	0.9998543757704285
1.293176062	0.5744191121	-0.7399090217	0.9999999953657999	0.9998543757704285
-2.89329324	2.897951112	1.317030646	0.9999999953657999	0.9998543757704285
-3.72665737	2.673079788	0.612023642	0.9999999953657999	0.9998543757704285
4.023368194	0.5222505752	0.8734405113	0.9999999953657999	0.9998543757704285
-8.462708657	-0.9805021036	0.08839587682	0.9999999953657999	0.9998543757704285
-2.851615737	-0.6807548669	1.877089069	0.9999999953657999	0.9998543757704285
2.443953001	0.7193293005	-0.07214450729	0.9999999953657999	0.9998543757704285
-6.987912466	0.6515940524	-0.4093109259	0.9999999953657999	0.9998543757704285
-5.519720027	0.6776216144	0.5094327609	0.9999999953657999	0.9998543757704285
-9.942201759	4.07267241	-0.6820383516	0.9999999953657999	0.9998543757704285
-1.778946922	-0.2191283684	0.3650504288	0.9999999953657999	0.9998543757704285
-0.9238258676	-0.1726970974	-0.4211254555	0.9999999953657999	0.9998543757704285
9.699402849	-1.762267414	0.846227573	0.9999999953657999	0.9998543757704285
-0.5541122377	4.356853331	0.102140173	0.9999999953657999	0.9998543757704285
-4.132156337	0.9640869538	0.2067168343	0.9999999953657999	0.9998543757704285
2.661876118	1.470481278	0.7689051861	0.9999999953657999	0.9998543757704285
0.4267238438	3.244419826	-0.5226921467	0.9999999953657999	0.9998543757704285
-4.399911394	2.59869965	9.169032763E-4	0.9999999953657999	0.9998543757704285
5.499574987	2.199570805	0.3862042927	0.9999999953657999	0.9998543757704285
-2.639157512	-0.7603374547	0.9264232771	0.9999999953657999	0.9998543757704285
0.8111701989	0.3275441823	-0.2203081825	0.9999999953657999	0.9998543757704285
2.697050371	-1.430264235	0.2078315722	0.9999999953657999	0.9998543757704285
-3.441272359	0.7484830036	-0.7135435374	0.9999999953657999	0.9998543757704285
-0.2062112292	3.111597961	-1.073196144	0.9999999953657999	0.9998543757704285
2.044143678	0.7103198125	1.56834003	0.9999999953657999	0.9998543757704285
-5.879922059	1.426197689	0.2305281113	0.9999999953657999	0.9998543757704285
6.115208007	0.1587374839	-0.4595003922	0.9999999953657999	0.9998543757704285
-0.9374387571	-0.8539067887	-1.181008113	0.9999999953657999	0.9998543757704285
2.552521035	-0.7188399078	-0.7335579557	0.9999999953657999	0.9998543757704285
2.282754419	-1.523623818	0.9598965748	0.9999999953657999	0.9998543757704285
1.570349564	-1.539044273	0.2909172948	0.9999999953657999	0.9998543757704285
4.555566084	4.313361284	0.1615663697	0.9999999953657999	0.9998543757704285
0.2561525211	1.949456828	-0.3876377149	0.9999999953657999	0.9998543757704285
-1.940258248	1.246328167	-0.2077337195	0.9999999953657999	0.9998543757704285
7.547601836	0.3338287441	-0.3433929556	0.9999999953657999	0.9998543757704285
-7.31082901	1.192484297	0.4302284163	0.9999999953657999	0.9998543757704285
3.007487022	2.715454465	0.477589814	0.9999999953657999	0.9998543757704285
1.439340636	-0.3524482894	0.9531860132	0.9999999953657999	0.9998543757704285
1.795955108	2.355878313	-2.267536408	0.9999999953657999	0.9998543757704285
0.6155698993	0.9817160361	-0.9363722727	0.9999999953657999	0.9998543757704285
-3.081959688	2.116519693	-0.265026467	0.9999999953657999	0.9998543757704285
2.171580418	0.7244970247	-0.4139923665	0.9999999953657999	0.9998543757704285
-2.046983186	0.4194676573	0.6503758839	0.9999999953657999	0.9998543757704285
1.668158127	0.2666620364	2.016553598	0.9999999953657999	0.9998543757704285
0.1819340286	2.054125884	0.2419590644	0.9999999953657999	0.9998543757704285
5.673248147	3.341983986	-0.4255803899	0.9999999953657999	0.9998543757704285
-7.627896762	2.042586719	0.5833747524	0.9999999953657999	0.9998543757704285
4.732154207	1.197474666	2.428951283	0.9999999953657999	0.9998543757704285
-1.579774283	-3.655059139	0.4089435623	0.9999999953657999	0.9998543757704285
6.667302462	5.041679445	-0.2508301202	0.9999999953657999	0.9998543757704285
7.412014441	-1.934762093	1.970749578	0.9999999953657999	0.9998543757704285
-6.076566977	-0.4952081339	0.5323320735	0.9999999953657999	0.9998543757704285
1.870127012	0.6157857069	-1.555185776	0.9999999953657999	0.9998543757704285
4.101211442	-0.5860333403	-0.4989839127	0.9999999953657999	0.9998543757704285
-4.214986387	-2.023322539	-0.09078570613	0.9999999953657999	0.9998543757704285
-1.470224018	4.328967841	1.52662786	0.9999999953657999	0.9998543757704285
6.053637857	0.07588160751	1.185794301	0.9999999953657999	0.9998543757704285
-0.4782076642	4.966086316	0.8620802	0.9999999953657999	0.9998543757704285
3.931356306	2.766416205	-0.9329271713	0.9999999953657999	0.9998543757704285
-1.821490282	-1.074548303	0.7448499683	0.9999999953657999	0.9998543757704285
-6.057986743	3.096671064	-0.0427467605	0.9999999953657999	0.9998543757704285
-2.115343025	-0.4863843232	0.2076546546	0.9999999953657999	0.9998543757704285
-0.8489522996	0.8423355196	0.1990738784	0.9999999953657999	0.9998543757704285
-4.325837722	2.221976811	-0.009652157012	0.9999999953657999	0.9998543757704285
4.191339161	0.4937923556	-0.395150653	0.9999999953657999	0.9998543757704285
3.167745519	0.3394356958	-1.241954978	0.9999999953657999	0.9998543757704285
3.518441347	3.830868567	0.07128604075	0.9999999953657999	0.9998543757704285
2.178663716	4.916594212	-0.373945161	0.9999999953657999	0.9998543757704285
-2.995019788	-0.954835122	0.5865723936	0.9999999953657999	0.9998543757704285
-2.701804538	-1.239328204	0.5188739716	0.9999999953657999	0.9998543757704285
-0.4957795436	-0.5928228774	-0.05713513937	0.9999999953657999	0.9998543757704285
-3.09275784	-1.253753018	-0.1354008756	0.9999999953657999	0.9998543757704285
0.7938719263	0.4205823953	1.064522381	0.9999999953657999	0.9998543757704285
5.06189358	0.669641929	-1.343693568	0.9999999953657999	0.9998543757704285
4.519997286	-1.495920324	1.718656642	0.9999999953657999	0.9998543757704285
1.632712748	-0.97536802	-0.5484112409	0.9999999953657999	0.9998543757704285
-2.829734153	-2.254485879	-0.5386840887	0.9999999953657999	0.9998543757704285
0.3828358783	0.2567730608	-0.8391320011	0.9999999953657999	0.9998543757704285
3.081034644	-2.494163882	-0.5613046922	0.9999999953657999	0.9998543757704285
0.8588659521	-1.580861825	-0.1690503167	0.9999999953657999	0.9998543757704285
-6.996797508	-0.268670107	-0.5697561689	0.9999999953657999	0.9998543757704285
-5.189231902	-2.396722629	-0.006589692421	0.9999999953657999	0.9998543757704285
-1.801695731	0.7686194214	0.2660742847	0.9999999953657999	0.9998543757704285
0.7712216658	-0.01730602336	-0.5839256046	0.9999999953657999	0.9998543757704285
1.972195066	-1.785997573	0.2285036586	0.9999999953657999	0.9998543757704285
0.1056786982	2.214536263	-0.106105856	0.9999999953657999	0.9998543757704285
3.416482703	-1.027609271	-1.447311189	0.9999999953657999	0.9998543757704285
-1.798805917	-0.5163663095	-0.4731451718	0.9999999953657999	0.9998543757704285
7.143604117	0.1931795936	-0.1117668282	0.9999999953657999	0.9998543757704285
-2.622115944	0.1751022856	-0.6957098612	0.9999999953657999	0.9998543757704285
-2.444330754	1.372196407	-0.03061244694	0.9999999953657999	0.9998543757704285
2.208673975	-0.9005476913	0.6047722405	0.9999999953657999	0.9998543757704285
-4.236222216	-1.049097784	-1.865787967	0.9999999953657999	0.9998543757704285
5.52593911	0.06350615403	-0.5271312711	0.9999999953657999	0.9998543757704285
3.42126506	-0.747637838	1.543413584	0.9999999953657999	0.9998543757704285
-2.727644681	2.171304593	0.7949175445	0.9999999953657999	0.9998543757704285
-4.93063106	1.329002943	1.076774232	0.9999999953657999	0.9998543757704285
-3.905040919	0.6928534925	0.8648809784	0.9999999953657999	0.9998543757704285
-7.598675455	-0.7570600814	-1.022663059	0.9999999953657999	0.9998543757704285
0.9022781056	0.8956948721	-0.5482192983	0.9999999953657999	0.9998543757704285
3.789469637	2.618393186	-0.9590293758	0.9999999953657999	0.9998543757704285
0.7736545984	-3.384761619	-0.1297620588	0.9999999953657999	0.9998543757704285
0.7314598825	-0.772258658	-0.8295204325	0.9999999953657999	0.9998543757704285
5.631931818	0.2601651555	-0.8668954908	0.9999999953657999	0.9998543757704285
-1.952258395	-2.529597987	0.3897926111	0.9999999953657999	0.9998543757704285
-4.889279914	1.170089832	0.7453954289	0.9999999953657999	0.9998543757704285
-3.985108841	0.5897897811	1.500157323	0.9999999953657999	0.9998543757704285
1.752987853	4.537842804	-1.40279105	0.9999999953657999	0.9998543757704285
-5.70395537	-1.909332043	2.202219177	0.9999999953657999	0.9998543757704285
-0.5983361317	-1.933477126	0.5891755077	0.9999999953657999	0.9998543757704285
0.6537765613	-2.392752587	1.466128826	0.9999999953657999	0.9998543757704285
5.488410668	-2.692968313	1.062650049	0.9999999953657999	0.9998543757704285
-1.250071158	-2.22277577	-0.05094344934	0.9999999953657999	0.9998543757704285
3.02034198	-2.008653913	-0.5036417857	0.9999999953657999	0.9998543757704285
-6.006276157	0.1153356971	-0.2407629758	0.9999999953657999	0.9998543757704285
-0.510209635	-0.9896568552	0.5413047234	0.9999999953657999	0.9998543757704285
4.979613648	0.2073660493	0.2864798245	0.9999999953657999	0.9998543757704285
-1.898807568	3.281652612	0.659606654	0.9999999953657999	0.9998543757704285
2.477270859	1.314597923	-0.2818830747	0.9999999953657999	0.9998543757704285
2.452657081	4.645874119	0.3034440866	0.9999999953657999	0.9998543757704285
-2.721491434	-1.228137582	-0.1546398616	0.9999999953657999	0.9998543757704285
-2.075533351	0.2788201317	-0.7452766182	0.9999999953657999	0.9998543757704285
-3.781906873	-3.126777043	-0.9610883971	0.9999999953657999	0.9998543757704285
2.487199857	0.8369507285	0.6910184714	0.9999999953657999	0.9998543757704285
-3.823953969	-2.889148138	0.3350986459	0.9999999953657999	0.9998543757704285
-0.2503241463	0.7793731702	-1.100178204	0.9999999953657999	0.9998543757704285
-1.652903453	0.9681041852	0.2962361914	0.9999999953657999	0.9998543757704285
5.390177223	0.5014838587	0.4415861715	0.9999999953657999	0.9998543757704285
-4.289880988	-0.2899046815	-0.880740358	0.9999999953657999	0.9998543757704285
9.529532253	-1.051857511	-0.1757302802	0.9999999953657999	0.9998543757704285
3.623374092	-0.9003475751	1.171529868	0.9999999953657999	0.9998543757704285
1.083154689	1.092558616	0.9992090781	0.9999999953657999	0.9998543757704285
-2.819199719	1.248255078	1.365028791	0.9999999953657999	0.9998543757704285
6.745229867	2.36429027	0.508082274	0.9999999953657999	0.9998543757704285
2.148476552	0.7075397511	1.376169557	0.9999999953657999	0.9998543757704285
-5.002261619	-0.4796676441	1.804197402	0.9999999953657999	0.9998543757704285
-5.159369997	-0.06481366821	-0.1836328553	0.9999999953657999	0.9998543757704285
1.498664536	1.228877878	0.6949892479	0.9999999953657999	0.9998543757704285
4.791560117	3.406798606	-0.4014277251	0.9999999953657999	0.9998543757704285
1.899314447	0.7146880163	0.4275544503	0.9999999953657999	0.9998543757704285
-6.980958814	0.5071372699	0.3830095821	0.9999999953657999	0.9998543757704285
-5.163586943	-1.49800956	-0.5660403598	0.9999999953657999	0.9998543757704285
-1.035332348	0.578589919	-0.3308074742	0.9999999953657999	0.9998543757704285
-7.114882525	-3.88775181	-1.27924248	0.9999999953657999	0.9998543757704285
-1.374468197	0.1400334733	1.551526844	0.9999999953657999	0.9998543757704285
-0.2469025439	-0.3521738341	-0.9905848451	0.9999999953657999	0.9998543757704285
-0.7082115129	2.065301247	-0.1807147379	0.9999999953657999	0.9998543757704285
-6.858191176	-2.954344626	-0.7786331672	0.9999999953657999	0.9998543757704285
-3.655664169	-1.129421626	2.161439145	0.9999999953657999	0.9998543757704285
-5.282839437	-0.6689120005	-0.5695979538	0.9999999953657999	0.9998543757704285
-9.3588421	1.176993664	-1.327977949	0.9999999953657999	0.9998543757704285
2.845578239	-2.019332252	0.1460838114	0.9999999953657999	0.9998543757704285
3.684123778	-0.01288407849	-3.006018711	0.9999999953657999	0.9998543757704285
-1.88358745	0.2111754455	1.197581738	0.9999999953657999	0.9998543757704285
-2.720479808	1.970995088	0.262568613	0.9999999953657999	0.9998543757704285
-8.761743514	1.732015864	1.409169957	0.9999999953657999	0.9998543757704285
2.480841422	1.541278524	-0.8378048044	0.9999999953657999	0.9998543757704285
1.96398878	2.984155616	-0.08610511174	0.9999999953657999	0.9998543757704285
-2.847426534	-0.1268391489	-0.2053210634	0.9999999953657999	0.9998543757704285
2.956791754	-1.164312566	0.009694234348	0.9999999953657999	0.9998543757704285
0.9937360239	1.64958291	-0.878020646	0.9999999953657999	0.9998543757704285
-1.240136378	0.6939544748	-0.1621633488	0.9999999953657999	0.9998543757704285
0.1436057962	0.6403747695	0.9083522672	0.9999999953657999	0.9998543757704285
6.934880781	-2.005388667	0.1716615188	0.9999999953657999	0.9998543757704285
-1.689698966	0.7249003433	-0.2661955526	0.9999999953657999	0.9998543757704285
-6.996884711	-0.3632705298	-0.3331893835	0.9999999953657999	0.9998543757704285
-4.922651586	1.361532591	1.399338266	0.9999999953657999	0.9998543757704285
-1.026433031	-2.64688603	0.4329928547	0.9999999953657999	0.9998543757704285
-2.099858481	-1.491098697	-0.9240867772	0.9999999953657999	0.9998543757704285
-1.968743134	0.7091960961	0.6568199347	0.9999999953657999	0.9998543757704285
2.428367244	-1.711042683	-1.207707977	0.9999999953657999	0.9998543757704285
-0.06969994981	1.214820223	-0.790754725	0.9999999953657999	0.9998543757704285
3.598163156	-1.879181243	-0.4230429705	0.9999999953657999	0.9998543757704285
-0.273585524	2.058716955	1.161380066	0.9999999953657999	0.9998543757704285
7.531851756	3.139044221	-0.9412370944	0.9999999953657999	0.9998543757704285
0.8441958757	-1.055688401	0.771856372	0.9999999953657999	0.9998543757704285
-2.615700407	0.08577523368	1.265231593	0.9999999953657999	0.9998543757704285
-3.883677267	0.5526158907	-0.4235606744	0.9999999953657999	0.9998543757704285
-7.597803236	-1.154899662	-0.1208237678	0.9999999953657999	0.9998543757704285
-0.8743532942	-2.459780945	0.3209793341	0.9999999953657999	0.9998543757704285
-2.654026352	-0.0886000155	-0.7845594594	0.9999999953657999	0.9998543757704285
-5.166582529	-1.296546502	0.5660140656	0.9999999953657999	0.9998543757704285
1.109429393	-3.343491875	0.5283481603	0.9999999953657999	0.9998543757704285
4.607590494	0.5338447344	0.7692186224	0.9999999953657999	0.9998543757704285
-6.166087623	-0.3801499737	-0.4142160347	0.9999999953657999	0.9998543757704285
0.7916601694	2.371229978	-1.126834738	0.9999999953657999	0.9998543757704285
-4.839720461	-2.616023187	-0.2644518316	0.9999999953657999	0.9998543757704285
1.129359023	-0.2002492493	-0.9037084032	0.9999999953657999	0.9998543757704285
3.372361034	-2.112440542	2.108879322	0.9999999953657999	0.9998543757704285
-5.842994402	4.422074762	-0.1272658725	0.9999999953657999	0.9998543757704285
-2.369665466	1.162588829	1.335481141	0.9999999953657999	0.9998543757704285
5.282200752	-2.458469504	0.7599437576	0.9999999953657999	0.9998543757704285
-3.431430889	-1.349301337	-1.652465138	0.9999999953657999	0.9998543757704285
